1 0 3 4 2 5 7 8 6 
0 1 3 4 2 5 7 8 6 
1 3 0 4 2 5 7 8 6 
1 2 3 4 0 5 7 8 6 
4 1 3 0 2 5 7 8 6 
1 3 5 4 2 0 7 8 6 
1 2 3 0 4 5 7 8 6 
1 2 3 4 5 0 7 8 6 
1 2 3 4 8 5 7 0 6 
4 1 3 2 0 5 7 8 6 
4 1 3 7 2 5 0 8 6 
1 3 5 4 0 2 7 8 6 
1 3 5 4 2 6 7 8 0 
0 2 3 1 4 5 7 8 6 
1 2 3 7 4 5 0 8 6 
1 2 0 4 5 3 7 8 6 
1 2 3 4 5 6 7 8 0 
1 2 3 4 8 5 0 7 6 
1 2 3 4 8 5 7 6 0 
4 1 3 2 5 0 7 8 6 
4 0 3 2 1 5 7 8 6 
4 1 3 2 8 5 7 0 6 
4 1 3 7 2 5 8 0 6 
1 3 5 0 4 2 7 8 6 
1 0 5 4 3 2 7 8 6 
1 3 5 4 8 2 7 0 6 
1 3 5 4 2 6 7 0 8 
2 0 3 1 4 5 7 8 6 
1 2 3 7 4 5 8 0 6 
1 0 2 4 5 3 7 8 6 
